  00000  
00     00
00     00
00     00
00     00
00     00
00     00
00     00
00     00
  00000  
  11     
1111     
  11     
  11     
  11     
  11     
  11     
  11     
  11     
111111   
  22222  
22     22
       22
      22 
     22  
    22   
   22    
  22     
 22      
222222222
 333333  
33    33 
      33 
     33  
  33333  
     33  
      33 
33    33 
 333333  
   333   
    444  
   4444  
  44 44  
 44  44  
44   44  
444444444
    44   
    44   
    44   
    44   
55555555 
55       
55       
55       
55       
555555   
     55  
      55 
55    55 
 55555   
    66   
  6666   
 66      
66       
66       
666666   
66   66  
66    66 
66   66  
 66666   
77777777 
      77 
     77  
    77   
   77    
  77     
 77      
77       
77       
77       
  8888   
88    88 
88    88 
88    88 
  8888   
88    88 
88    88 
88    88 
  8888   
   88    
 99999   
9999999  
99   99  
99   99  
9999999  
 999999  
     99  
     99  
9999999  
 99999   